Date,Open,High,Low,Close,Volume,Adj Close
2014-12-31,8.88,9.15,8.72,8.77,1233300,8.77
2014-12-30,9.19,9.21,8.77,8.78,81200,8.78
2014-12-29,8.16,8.70,8.15,8.32,450100,8.32
2014-12-26,8.00,8.20,7.96,8.18,302800,8.18
2014-12-24,7.67,8.18,7.60,7.96,267400,7.96
2014-12-23,8.13,8.16,7.61,7.64,427200,7.64
2014-12-22,8.19,8.36,8.03,8.13,349800,8.13
2014-12-19,7.89,8.37,7.87,8.20,1843000,8.20
2014-12-18,8.24,8.25,7.88,7.91,972600,7.91
2014-12-17,7.57,8.10,7.56,8.08,783800,8.08
2014-12-16,7.50,7.78,7.38,7.55,517100,7.55
2014-12-15,8.32,8.50,7.52,7.54,1035300,7.54
2014-12-12,8.24,8.46,8.17,8.30,833800,8.30
2014-12-11,8.40,8.70,8.16,8.35,879100,8.35
2014-12-10,8.62,8.64,8.24,8.27,599900,8.27
2014-12-09,8.19,8.72,8.05,8.62,568800,8.62
2014-12-08,8.35,8.50,8.24,8.35,623100,8.35
2014-12-05,8.40,8.62,8.33,8.40,583400,8.40
2014-12-04,8.36,8.58,8.36,8.43,505000,8.43
2014-12-03,8.65,8.78,8.37,8.43,787800,8.43
2014-12-02,8.61,8.97,8.51,8.65,1018200,8.65
2014-12-01,8.91,9.13,8.54,8.59,1276300,8.59
2014-11-28,8.57,9.24,8.55,8.90,611700,8.90
2014-11-26,8.60,8.93,8.54,8.56,577700,8.56
2014-11-25,8.41,8.69,8.24,8.60,774000,8.60
2014-11-24,7.99,8.48,7.90,8.41,760100,8.41
2014-11-21,7.88,7.96,7.71,7.94,448400,7.94
2014-11-20,7.67,7.87,7.57,7.71,446600,7.71
2014-11-19,7.69,7.84,7.62,7.70,509700,7.70
2014-11-18,7.81,8.25,7.56,7.68,635400,7.68
2014-11-17,7.76,7.94,7.73,7.75,733100,7.75
2014-11-14,8.12,8.40,7.67,7.75,746600,7.75
2014-11-13,7.87,8.45,7.87,8.06,1007600,8.06
2014-11-12,7.72,8.00,7.58,7.87,588200,7.87
2014-11-11,7.51,7.90,7.35,7.71,742500,7.71
2014-11-10,7.27,7.70,7.26,7.55,1090300,7.55
2014-11-07,7.15,7.30,6.96,7.29,580400,7.29
2014-11-06,7.03,7.27,6.94,7.15,834100,7.15
2014-11-05,6.80,7.41,6.80,6.99,1331100,6.99
2014-11-04,6.66,6.82,6.52,6.54,396300,6.54
2014-11-03,6.77,6.90,6.44,6.68,526800,6.68
2014-10-31,7.10,7.10,6.62,6.78,430600,6.78
2014-10-30,6.77,7.01,6.61,6.91,282300,6.91
2014-10-29,6.84,6.92,6.58,6.79,282500,6.79
2014-10-28,6.74,6.88,6.66,6.83,403100,6.83
2014-10-27,6.69,6.75,6.53,6.71,267300,6.71
2014-10-24,6.42,6.75,6.31,6.72,464800,6.72
2014-10-23,6.30,6.53,6.27,6.40,438600,6.40
2014-10-22,6.35,6.45,6.27,6.30,374200,6.30
2014-10-21,6.42,6.48,6.23,6.35,354900,6.35
2014-10-20,6.20,6.46,6.15,6.39,434200,6.39
2014-10-17,6.58,6.58,6.20,6.29,573000,6.29
2014-10-16,6.11,6.64,6.11,6.41,689100,6.41
2014-10-15,6.10,6.39,5.80,6.23,767300,6.23
2014-10-14,6.05,6.49,6.00,6.21,1064100,6.21
2014-10-13,5.84,6.13,5.80,5.92,719300,5.92
2014-10-10,5.74,6.06,5.69,5.81,655100,5.81
2014-10-09,5.67,5.97,5.47,5.81,810200,5.81
2014-10-08,5.39,5.68,5.30,5.65,978800,5.65
2014-10-07,5.49,5.67,5.37,5.39,255600,5.39
2014-10-06,5.56,5.65,5.40,5.53,414400,5.53
2014-10-03,5.57,5.65,5.41,5.57,207800,5.57
2014-10-02,5.26,5.49,5.26,5.48,253400,5.48
2014-10-01,5.39,5.43,5.17,5.25,367100,5.25
2014-09-30,5.51,5.65,5.38,5.38,519000,5.38
2014-09-29,5.34,5.59,5.29,5.49,325200,5.49
2014-09-26,5.42,5.52,5.39,5.41,230800,5.41
2014-09-25,5.53,5.65,5.38,5.40,318700,5.40
2014-09-24,5.55,5.60,5.37,5.53,314700,5.53
2014-09-23,5.31,5.53,5.24,5.52,744700,5.52
2014-09-22,5.36,5.40,5.22,5.38,569400,5.38
2014-09-19,5.40,5.46,5.24,5.37,729400,5.37
2014-09-18,5.37,5.54,5.28,5.34,220900,5.34
2014-09-17,5.28,5.40,5.28,5.35,194600,5.35
2014-09-16,5.20,5.32,5.11,5.26,366200,5.26
2014-09-15,5.32,5.32,5.11,5.20,303600,5.20
2014-09-12,5.41,5.41,5.24,5.34,333600,5.34
2014-09-11,5.32,5.44,5.20,5.39,224800,5.39
2014-09-10,5.28,5.43,5.28,5.38,338300,5.38
2014-09-09,5.26,5.32,5.14,5.29,314700,5.29
2014-09-08,5.08,5.36,5.08,5.26,182800,5.26
2014-09-05,5.11,5.19,4.96,5.08,378600,5.08
2014-09-04,5.14,5.31,5.09,5.14,212000,5.14
2014-09-03,5.20,5.26,5.09,5.11,177000,5.11
2014-09-02,5.17,5.29,5.04,5.18,272200,5.18
2014-08-29,4.88,5.10,4.85,5.08,150300,5.08
2014-08-28,5.12,5.20,4.88,4.89,249600,4.89
2014-08-27,5.35,5.35,5.12,5.17,291100,5.17
2014-08-26,4.96,5.38,4.95,5.30,566700,5.30
2014-08-25,4.85,5.08,4.79,4.98,268600,4.98
2014-08-22,4.76,4.89,4.71,4.81,140900,4.81
2014-08-21,4.83,4.88,4.72,4.74,157900,4.74
2014-08-20,4.88,4.90,4.80,4.84,113900,4.84
2014-08-19,4.95,5.00,4.89,4.94,209800,4.94
2014-08-18,4.85,5.00,4.80,4.91,194400,4.91
2014-08-15,5.08,5.08,4.76,4.83,205200,4.83
2014-08-14,4.94,5.09,4.85,4.99,117700,4.99
2014-08-13,4.93,5.05,4.89,4.96,156800,4.96
2014-08-12,4.96,5.04,4.86,4.92,272500,4.92
2014-08-11,4.76,5.00,4.67,4.99,311700,4.99
2014-08-08,4.37,4.78,4.35,4.75,416400,4.75
2014-08-07,4.49,4.61,4.35,4.38,156100,4.38
2014-08-06,4.46,4.64,4.41,4.49,266600,4.49
2014-08-05,4.43,4.58,4.37,4.53,296900,4.53
2014-08-04,4.29,4.47,4.19,4.44,225700,4.44
2014-08-01,4.31,4.35,4.12,4.23,278400,4.23
2014-07-31,4.18,4.36,4.12,4.29,307900,4.29
2014-07-30,4.26,4.38,4.21,4.25,130800,4.25
2014-07-29,4.16,4.40,4.16,4.20,187200,4.20
2014-07-28,4.30,4.38,4.13,4.15,183000,4.15
2014-07-25,4.30,4.36,4.28,4.31,98800,4.31
2014-07-24,4.42,4.55,4.31,4.38,190100,4.38
2014-07-23,4.35,4.54,4.29,4.39,233100,4.39
2014-07-22,4.32,4.46,4.26,4.35,127900,4.35
2014-07-21,4.21,4.35,4.12,4.29,147700,4.29
2014-07-18,4.25,4.44,4.16,4.28,354100,4.28
2014-07-17,4.37,4.48,4.25,4.27,285500,4.27
2014-07-16,4.55,4.62,4.40,4.43,199700,4.43
2014-07-15,4.68,4.74,4.41,4.51,322000,4.51
2014-07-14,4.68,4.76,4.49,4.70,582100,4.70
2014-07-11,4.66,4.93,4.56,4.59,334100,4.59
2014-07-10,4.38,4.78,4.38,4.69,1266200,4.69
2014-07-09,4.74,4.74,4.45,4.53,247000,4.53
2014-07-08,4.62,4.70,4.45,4.68,300000,4.68
2014-07-07,5.01,5.01,4.50,4.66,594700,4.66
2014-07-03,4.97,5.07,4.94,5.01,197200,5.01
2014-07-02,4.93,5.11,4.90,4.91,188800,4.91
2014-07-01,4.85,5.07,4.85,5.02,316300,5.02
2014-06-30,4.75,4.85,4.74,4.83,233400,4.83
2014-06-27,4.70,4.81,4.59,4.80,468100,4.80
2014-06-26,4.81,4.81,4.66,4.76,409900,4.76
2014-06-25,4.68,4.85,4.61,4.80,418900,4.80
2014-06-24,4.72,4.85,4.62,4.67,320700,4.67
2014-06-23,4.76,4.76,4.59,4.71,337300,4.71
2014-06-20,4.56,4.72,4.47,4.68,623600,4.68
2014-06-19,4.55,4.60,4.40,4.52,235500,4.52
2014-06-18,4.40,4.53,4.25,4.51,307100,4.51
2014-06-17,4.36,4.47,4.31,4.40,344200,4.40
2014-06-16,4.41,4.49,4.31,4.38,191400,4.38
2014-06-13,4.52,4.54,4.33,4.44,268900,4.44
2014-06-12,4.55,4.74,4.45,4.56,398700,4.56
2014-06-11,4.50,4.60,4.41,4.57,286000,4.57
2014-06-10,4.44,4.60,4.44,4.55,201300,4.55
2014-06-09,4.29,4.64,4.25,4.54,486900,4.54
2014-06-06,4.18,4.42,4.11,4.34,404900,4.34
2014-06-05,3.87,4.38,3.86,4.14,743400,4.14
2014-06-04,3.90,4.04,3.78,3.79,259100,3.79
2014-06-03,4.05,4.05,3.87,3.95,275800,3.95
2014-06-02,4.04,4.10,3.94,4.01,260500,4.01
2014-05-30,4.21,4.28,3.87,4.05,444800,4.05
2014-05-29,4.32,4.37,4.16,4.19,410600,4.19
2014-05-28,4.16,4.48,4.15,4.28,919500,4.28
2014-05-27,3.82,4.07,3.74,4.04,625100,4.04
2014-05-23,3.75,3.79,3.66,3.74,209900,3.74
2014-05-22,3.54,3.85,3.52,3.72,300700,3.72
2014-05-21,3.60,3.67,3.52,3.55,286200,3.55
2014-05-20,3.75,3.75,3.51,3.58,332300,3.58
2014-05-19,3.75,3.79,3.51,3.72,590300,3.72
2014-05-16,3.64,3.77,3.61,3.74,394100,3.74
2014-05-15,3.66,3.82,3.45,3.66,648400,3.66
2014-05-14,3.53,3.70,3.52,3.54,297700,3.54
2014-05-13,3.62,3.86,3.54,3.55,344700,3.55
2014-05-12,3.30,3.64,3.28,3.64,318400,3.64
2014-05-09,3.45,3.50,3.15,3.28,882500,3.28
2014-05-08,3.59,3.67,3.45,3.58,540600,3.58
2014-05-07,3.63,3.99,3.46,3.55,268400,3.55
2014-05-06,3.74,3.82,3.61,3.61,294100,3.61
2014-05-05,3.75,3.84,3.65,3.76,216900,3.76
2014-05-02,3.99,3.99,3.78,3.80,283200,3.80
2014-05-01,4.04,4.08,3.90,3.96,356100,3.96
2014-04-30,4.13,4.13,3.91,4.06,266300,4.06
2014-04-29,4.10,4.18,4.00,4.12,352500,4.12
2014-04-28,4.15,4.26,3.88,4.06,418600,4.06
2014-04-25,4.42,4.53,4.09,4.13,441800,4.13
2014-04-24,4.39,4.57,4.16,4.48,293200,4.48
2014-04-23,4.86,4.90,4.34,4.42,488300,4.42
2014-04-22,4.63,5.24,4.57,4.91,1169400,4.91
2014-04-21,4.29,4.37,4.17,4.35,358600,4.35
2014-04-17,4.16,4.27,4.03,4.20,405300,4.20
2014-04-16,4.17,4.22,4.08,4.18,310500,4.18
2014-04-15,4.20,4.27,3.89,4.12,791900,4.12
2014-04-14,4.32,4.42,4.11,4.18,454000,4.18
2014-04-11,4.40,4.57,4.25,4.26,340200,4.26
2014-04-10,4.87,4.95,4.37,4.47,664500,4.47
2014-04-09,4.72,4.92,4.72,4.86,407600,4.86
2014-04-08,4.72,4.93,4.68,4.72,420400,4.72
2014-04-07,4.95,4.97,4.68,4.71,608900,4.71
2014-04-04,5.06,5.31,4.70,4.97,969600,4.97
2014-04-03,5.21,5.38,4.99,5.04,347900,5.04
2014-04-02,5.19,5.27,5.06,5.22,312300,5.22
2014-04-01,5.19,5.34,5.06,5.18,448900,5.18
2014-03-31,5.02,5.20,5.01,5.17,525500,5.17
2014-03-28,5.11,5.19,4.94,4.98,467000,4.98
2014-03-27,5.23,5.24,5.01,5.13,400200,5.13
2014-03-26,5.51,5.57,5.18,5.22,440500,5.22
2014-03-25,5.71,5.80,5.36,5.45,436400,5.45
2014-03-24,5.85,5.90,5.42,5.65,542300,5.65
2014-03-21,6.23,6.24,5.76,5.81,715800,5.81
2014-03-20,6.07,6.33,6.05,6.19,472800,6.19
2014-03-19,6.10,6.18,6.01,6.10,399100,6.10
2014-03-18,5.92,6.10,5.90,6.10,361400,6.10
2014-03-17,5.93,5.99,5.83,5.91,375000,5.91
2014-03-14,5.69,5.92,5.61,5.89,268600,5.89
2014-03-13,5.99,6.07,5.64,5.71,498300,5.71
2014-03-12,5.81,5.97,5.78,5.96,324900,5.96
2014-03-11,5.94,6.13,5.80,5.81,285800,5.81
2014-03-10,5.85,6.00,5.75,5.90,553800,5.90
2014-03-07,5.99,6.06,5.76,5.87,373000,5.87
2014-03-06,6.29,6.31,5.87,5.99,552700,5.99
2014-03-05,6.14,6.25,6.11,6.24,268700,6.24
2014-03-04,6.17,6.33,6.13,6.14,616500,6.14
2014-03-03,6.20,6.32,5.95,6.09,453200,6.09
2014-02-28,6.65,6.70,6.14,6.25,699900,6.25
2014-02-27,6.67,6.74,6.56,6.68,455800,6.68
2014-02-26,6.30,6.80,6.25,6.67,972800,6.67
2014-02-25,6.42,6.56,6.13,6.28,1040600,6.28
2014-02-24,6.05,6.42,6.02,6.38,1539700,6.38
2014-02-21,6.00,6.19,5.75,6.02,1365100,6.02
2014-02-20,5.85,5.96,5.75,5.89,368400,5.89
2014-02-19,5.89,5.95,5.79,5.82,362500,5.82
2014-02-18,5.85,5.95,5.80,5.91,377500,5.91
2014-02-14,6.00,6.00,5.72,5.80,330800,5.80
2014-02-13,5.88,6.00,5.72,5.98,408900,5.98
2014-02-12,5.97,5.98,5.79,5.95,480200,5.95
2014-02-11,5.98,6.06,5.95,5.97,360100,5.97
2014-02-10,5.82,6.00,5.68,5.99,420200,5.99
2014-02-07,5.66,5.99,5.61,5.86,737200,5.86
2014-02-06,5.76,5.82,5.61,5.64,355600,5.64
2014-02-05,5.80,5.97,5.61,5.71,573300,5.71
2014-02-04,5.75,5.91,5.61,5.85,776400,5.85
2014-02-03,5.75,5.90,5.55,5.71,848300,5.71
2014-01-31,5.80,6.06,5.74,5.75,1630500,5.75
2014-01-30,6.07,6.19,5.97,6.05,694500,6.05
2014-01-29,6.04,6.05,5.91,6.01,769200,6.01
2014-01-28,5.95,6.05,5.86,6.03,680300,6.03
2014-01-27,6.05,6.06,5.85,5.91,1118100,5.91
2014-01-24,6.19,6.19,5.85,6.01,7559100,6.01
2014-01-23,6.01,6.30,5.89,6.29,516400,6.29
2014-01-22,6.36,6.36,5.92,6.05,797100,6.05
2014-01-21,6.48,6.55,6.29,6.38,497100,6.38
2014-01-17,6.56,6.61,6.46,6.48,391300,6.48
2014-01-16,6.62,6.74,6.54,6.59,285300,6.59
2014-01-15,6.76,6.94,6.52,6.65,334100,6.65
2014-01-14,6.79,6.83,6.67,6.79,606800,6.79
2014-01-13,7.19,7.20,6.62,6.76,2025700,6.76
2014-01-10,6.39,6.60,6.29,6.59,410400,6.59
2014-01-09,6.37,6.40,6.21,6.36,365200,6.36
2014-01-08,6.50,6.64,6.24,6.35,403500,6.35
2014-01-07,6.46,6.56,6.42,6.51,603700,6.51
2014-01-06,6.26,6.45,5.95,6.42,914000,6.42
2014-01-03,6.00,6.32,5.98,6.26,943400,6.26
2014-01-02,5.75,6.14,5.58,6.03,817700,6.03
2013-12-31,5.58,5.80,5.55,5.75,610600,5.75
2013-12-30,5.42,5.58,5.16,5.58,498100,5.58
2013-12-27,5.31,5.49,5.24,5.44,376700,5.44
2013-12-26,5.38,5.50,5.17,5.27,486900,5.27
2013-12-24,5.48,5.49,5.31,5.35,130300,5.35
2013-12-23,5.31,5.69,5.27,5.49,510400,5.49
2013-12-20,5.16,5.29,5.12,5.23,602000,5.23
2013-12-19,5.22,5.25,5.11,5.13,331300,5.13
2013-12-18,5.19,5.36,5.11,5.24,445100,5.24
2013-12-17,5.22,5.38,5.05,5.19,236700,5.19
2013-12-16,5.06,5.24,5.05,5.19,259500,5.19
2013-12-13,5.07,5.14,4.97,5.07,326000,5.07
2013-12-12,5.20,5.22,5.03,5.07,432000,5.07
2013-12-11,5.15,5.20,4.99,5.19,319400,5.19
2013-12-10,5.19,5.26,5.06,5.14,236500,5.14
2013-12-09,5.12,5.21,5.02,5.21,352500,5.21
2013-12-06,5.04,5.20,5.00,5.10,343700,5.10
2013-12-05,5.12,5.18,4.96,4.98,265300,4.98
2013-12-04,5.21,5.26,5.12,5.12,308900,5.12
2013-12-03,5.37,5.44,5.16,5.22,261500,5.22
2013-12-02,5.36,5.47,5.25,5.38,382500,5.38
2013-11-29,5.31,5.42,5.29,5.34,164200,5.34
2013-11-27,5.30,5.37,5.19,5.27,249300,5.27
2013-11-26,5.08,5.35,5.07,5.28,645800,5.28
2013-11-25,5.06,5.18,5.03,5.09,578300,5.09
2013-11-22,5.17,5.19,5.03,5.06,443300,5.06
2013-11-21,5.13,5.17,5.04,5.15,395100,5.15
2013-11-20,5.02,5.16,4.98,5.08,288100,5.08
2013-11-19,5.20,5.24,4.93,4.99,682600,4.99
2013-11-18,5.20,5.35,5.17,5.18,605600,5.18
2013-11-15,5.15,5.24,5.08,5.22,457500,5.22
2013-11-14,5.15,5.20,5.03,5.15,300900,5.15
2013-11-13,5.18,5.27,4.94,5.16,386900,5.16
2013-11-12,5.26,5.37,5.07,5.20,439600,5.20
2013-11-11,5.12,5.33,5.05,5.25,582100,5.25
2013-11-08,4.89,5.25,4.88,5.11,894000,5.11
2013-11-07,5.04,5.17,4.72,4.90,478100,4.90
2013-11-06,5.23,5.24,4.84,5.05,418100,5.05
2013-11-05,5.16,5.33,5.13,5.18,391300,5.18
2013-11-04,5.19,5.29,5.10,5.18,311100,5.18
2013-11-01,5.21,5.33,5.12,5.17,409600,5.17
2013-10-31,5.62,5.62,5.23,5.23,405700,5.23
2013-10-30,5.81,5.82,5.60,5.64,359200,5.64
2013-10-29,5.85,5.90,5.73,5.81,399100,5.81
2013-10-28,5.95,5.98,5.79,5.86,308000,5.86
2013-10-25,5.91,6.04,5.81,5.94,679300,5.94
2013-10-24,5.55,5.90,5.52,5.90,1684900,5.90
2013-10-23,5.74,5.80,5.50,5.58,298700,5.58
2013-10-22,5.78,5.84,5.72,5.79,476300,5.79
2013-10-21,5.91,6.02,5.72,5.77,409800,5.77
2013-10-18,5.93,6.00,5.76,5.89,495100,5.89
2013-10-17,6.02,6.05,5.82,5.89,380800,5.89
2013-10-16,6.07,6.20,6.00,6.07,365800,6.07
2013-10-15,6.03,6.50,5.92,6.02,1391800,6.02
2013-10-14,5.57,5.73,5.43,5.69,320100,5.69
2013-10-11,5.72,5.86,5.54,5.62,2913800,5.62
2013-10-10,5.71,5.87,5.59,5.75,674500,5.75
2013-10-09,5.53,5.67,5.31,5.61,787500,5.61
2013-10-08,5.94,5.97,5.52,5.52,826800,5.52
2013-10-07,5.96,6.00,5.81,5.94,696300,5.94
2013-10-04,5.82,6.20,5.81,6.03,550300,6.03
2013-10-03,5.78,5.91,5.71,5.82,422400,5.82
2013-10-02,5.75,5.87,5.62,5.80,373000,5.80
2013-10-01,5.68,5.92,5.64,5.77,502200,5.77
2013-09-30,5.64,5.81,5.55,5.68,508400,5.68
2013-09-27,5.61,5.84,5.45,5.72,410500,5.72
2013-09-26,5.66,5.73,5.52,5.65,220600,5.65
2013-09-25,5.62,5.95,5.59,5.66,499300,5.66
2013-09-24,5.67,5.67,5.43,5.63,323900,5.63
2013-09-23,5.54,5.70,5.51,5.65,223800,5.65
2013-09-20,5.76,5.76,5.51,5.56,545000,5.56
2013-09-19,5.57,5.81,5.55,5.76,534200,5.76
2013-09-18,5.43,5.68,5.38,5.57,532800,5.57
2013-09-17,5.41,5.56,5.30,5.44,313600,5.44
2013-09-16,5.92,6.08,5.38,5.44,588100,5.44
2013-09-13,5.77,5.77,5.62,5.75,424000,5.75
2013-09-12,5.91,6.11,5.67,5.75,525100,5.75
2013-09-11,5.81,6.07,5.62,5.93,871400,5.93
2013-09-10,5.16,6.08,5.10,5.89,1635500,5.89
2013-09-09,5.02,5.10,5.01,5.03,257100,5.03
2013-09-06,5.04,5.11,4.90,5.03,196300,5.03
2013-09-05,5.07,5.14,4.92,5.01,180400,5.01
2013-09-04,4.96,5.26,4.92,5.08,1227800,5.08
2013-09-03,4.89,5.04,4.69,4.95,360600,4.95
2013-08-30,4.88,4.93,4.84,4.89,297800,4.89
2013-08-29,4.79,4.92,4.62,4.89,258800,4.89
2013-08-28,4.44,4.83,4.35,4.81,201900,4.81
2013-08-27,4.67,4.71,4.43,4.45,406700,4.45
2013-08-26,4.60,4.72,4.52,4.71,405400,4.71
2013-08-23,4.63,4.66,4.53,4.59,274100,4.59
2013-08-22,4.60,4.69,4.56,4.63,221000,4.63
2013-08-21,4.42,4.73,4.34,4.57,383200,4.57
2013-08-20,4.28,4.44,4.24,4.43,292900,4.43
2013-08-19,4.28,4.34,4.25,4.27,234100,4.27
2013-08-16,4.40,4.47,4.27,4.28,307200,4.28
2013-08-15,4.55,4.58,4.38,4.43,344200,4.43
2013-08-14,4.58,4.67,4.52,4.60,264200,4.60
2013-08-13,4.58,4.61,4.54,4.59,293300,4.59
2013-08-12,4.76,4.78,4.58,4.59,317300,4.59
2013-08-09,4.79,4.89,4.75,4.83,178900,4.83
2013-08-08,4.84,4.85,4.54,4.79,391400,4.79
2013-08-07,5.22,5.25,4.87,4.87,539900,4.87
2013-08-06,5.18,5.27,5.13,5.22,265100,5.22
2013-08-05,5.32,5.34,5.16,5.18,264000,5.18
2013-08-02,5.40,5.45,5.31,5.32,206700,5.32
2013-08-01,5.42,5.65,5.36,5.42,280500,5.42
2013-07-31,5.62,5.65,5.36,5.39,269600,5.39
2013-07-30,5.55,5.72,5.55,5.62,306700,5.62
2013-07-29,5.52,5.56,5.37,5.50,264700,5.50
2013-07-26,5.76,5.76,5.50,5.56,279800,5.56
2013-07-25,5.72,5.84,5.64,5.81,218700,5.81
2013-07-24,5.80,5.86,5.63,5.71,245400,5.71
2013-07-23,5.76,5.93,5.51,5.80,395200,5.80
2013-07-22,5.40,5.72,5.37,5.72,463700,5.72
2013-07-19,5.51,5.52,5.34,5.38,206200,5.38
2013-07-18,5.55,5.68,5.48,5.51,271200,5.51
2013-07-17,5.46,5.60,5.41,5.52,159500,5.52
2013-07-16,5.59,5.65,5.42,5.44,252500,5.44
2013-07-15,5.73,5.75,5.57,5.60,250600,5.60
2013-07-12,5.65,5.79,5.49,5.76,388800,5.76
2013-07-11,5.10,5.67,5.09,5.65,922200,5.65
2013-07-10,5.01,5.13,4.94,5.04,288000,5.04
2013-07-09,5.21,5.25,5.01,5.03,284700,5.03
2013-07-08,5.27,5.27,5.06,5.17,243000,5.17
2013-07-05,5.06,5.25,4.99,5.24,176800,5.24
2013-07-03,4.99,5.00,4.85,4.99,201400,4.99
2013-07-02,4.94,5.07,4.89,5.03,396000,5.03
2013-07-01,5.00,5.08,4.90,4.92,221800,4.92
2013-06-28,4.91,5.01,4.81,4.95,1207400,4.95
2013-06-27,4.88,5.04,4.84,4.91,207400,4.91
2013-06-26,4.78,4.92,4.65,4.84,392400,4.84
2013-06-25,5.05,5.05,4.61,4.72,556400,4.72
2013-06-24,5.00,5.21,4.84,5.02,606800,5.02
2013-06-21,5.08,5.17,4.87,5.08,543400,5.08
2013-06-20,5.21,5.29,5.06,5.08,424900,5.08
2013-06-19,5.41,5.43,5.22,5.29,431600,5.29
2013-06-18,5.15,5.46,5.14,5.43,476700,5.43
2013-06-17,5.15,5.37,5.11,5.16,320400,5.16
2013-06-14,5.35,5.41,5.12,5.15,413300,5.15
2013-06-13,5.36,5.44,5.15,5.41,326500,5.41
2013-06-12,5.25,5.48,5.20,5.33,513100,5.33
2013-06-11,5.12,5.33,5.00,5.23,862900,5.23
2013-06-10,5.40,5.70,5.28,5.51,547100,5.51
2013-06-07,5.12,5.37,4.93,5.37,643100,5.37
2013-06-06,5.29,5.34,5.05,5.09,852900,5.09
2013-06-05,5.48,5.56,5.26,5.31,299000,5.31
2013-06-04,5.60,5.66,5.38,5.48,567100,5.48
2013-06-03,5.50,5.65,5.38,5.57,446300,5.57
2013-05-31,5.55,5.68,5.48,5.50,295000,5.50
2013-05-30,5.65,5.77,5.55,5.59,300600,5.59
2013-05-29,5.61,5.75,5.51,5.61,514400,5.61
2013-05-28,5.87,5.94,5.58,5.64,509600,5.64
2013-05-24,5.46,5.83,5.45,5.78,715400,5.78
2013-05-23,5.33,5.51,5.31,5.39,676000,5.39
2013-05-22,5.38,5.67,5.30,5.39,1029700,5.39
2013-05-21,5.79,5.81,5.34,5.35,890100,5.35
2013-05-20,5.09,6.10,5.03,5.72,3450300,5.72
2013-05-17,6.55,6.83,6.51,6.75,487500,6.75
2013-05-16,6.57,6.58,6.38,6.47,323700,6.47
2013-05-15,6.17,6.58,6.15,6.55,546800,6.55
2013-05-14,5.90,6.17,5.90,6.17,208700,6.17
2013-05-13,5.99,5.99,5.81,5.91,275900,5.91
2013-05-10,5.87,6.02,5.70,6.00,366400,6.00
2013-05-09,6.02,6.05,5.82,5.85,164600,5.85
2013-05-08,6.08,6.18,5.96,6.04,399100,6.04
2013-05-07,6.00,6.10,5.95,6.08,349500,6.08
2013-05-06,6.11,6.16,5.99,6.01,190400,6.01
2013-05-03,6.14,6.19,5.99,6.09,416400,6.09
2013-05-02,6.03,6.14,5.90,6.01,369200,6.01
2013-05-01,6.19,6.36,5.86,6.00,773400,6.00
2013-04-30,6.13,6.30,6.13,6.21,386100,6.21
2013-04-29,6.54,6.70,6.16,6.16,454200,6.16
2013-04-26,6.44,6.54,6.06,6.53,1115500,6.53
2013-04-25,7.16,7.45,6.45,6.57,1151200,6.57
2013-04-24,7.34,7.41,6.99,7.13,445600,7.13
2013-04-23,7.24,7.37,7.13,7.31,255700,7.31
2013-04-22,7.59,7.59,7.06,7.18,331200,7.18
2013-04-19,7.28,7.55,7.16,7.54,575900,7.54
2013-04-18,7.32,7.45,7.17,7.29,368200,7.29
2013-04-17,6.98,7.35,6.97,7.29,516000,7.29
2013-04-16,7.00,7.06,6.77,7.04,588700,7.04
2013-04-15,7.27,7.27,6.93,6.99,587000,6.99
2013-04-12,7.10,7.29,6.99,7.29,510200,7.29
2013-04-11,7.06,7.40,7.02,7.26,410900,7.26
2013-04-10,7.03,7.12,6.91,7.04,251500,7.04
2013-04-09,6.97,7.06,6.90,6.99,222800,6.99
2013-04-08,7.05,7.05,6.92,6.97,261800,6.97
2013-04-05,6.91,7.04,6.81,7.01,221300,7.01
2013-04-04,7.09,7.16,6.94,7.03,191600,7.03
2013-04-03,7.19,7.26,7.00,7.06,463400,7.06
2013-04-02,7.20,7.30,7.11,7.18,374300,7.18
2013-04-01,7.18,7.19,6.89,7.09,535600,7.09
2013-03-28,7.43,7.49,7.07,7.15,1959500,7.15
2013-03-27,7.17,7.28,7.00,7.23,362100,7.23
2013-03-26,7.29,7.29,7.08,7.19,252600,7.19
2013-03-25,7.23,7.37,7.15,7.29,297800,7.29
2013-03-22,7.15,7.36,6.92,7.19,267100,7.19
2013-03-21,6.95,7.37,6.87,7.11,644800,7.11
2013-03-20,7.01,7.08,6.61,6.91,388100,6.91
2013-03-19,7.17,7.27,6.93,6.99,406900,6.99
2013-03-18,7.14,7.28,6.96,7.17,333700,7.17
2013-03-15,7.52,7.56,7.20,7.24,715700,7.24
2013-03-14,7.66,7.83,7.38,7.50,421800,7.50
2013-03-13,7.69,7.84,7.54,7.63,364600,7.63
2013-03-12,8.38,8.38,7.51,7.73,544600,7.73
2013-03-11,8.98,8.98,8.52,8.59,364400,8.59
2013-03-08,8.72,9.11,8.64,9.02,360200,9.02
2013-03-07,8.42,8.68,8.23,8.63,303000,8.63
2013-03-06,7.95,8.49,7.82,8.41,563000,8.41
2013-03-05,7.94,7.98,7.87,7.95,140500,7.95
2013-03-04,7.67,7.93,7.65,7.92,141800,7.92
2013-03-01,7.55,7.74,7.42,7.72,187400,7.72
2013-02-28,7.64,7.76,7.56,7.64,175600,7.64
2013-02-27,7.68,7.76,7.25,7.64,182100,7.64
2013-02-26,7.78,7.91,7.63,7.70,252900,7.70
2013-02-25,8.06,8.11,7.73,7.73,170200,7.73
2013-02-22,8.02,8.06,7.86,8.00,199000,8.00
2013-02-21,8.04,8.18,7.91,7.99,109100,7.99
2013-02-20,8.16,8.20,8.01,8.06,219500,8.06
2013-02-19,8.15,8.22,7.99,8.16,304600,8.16
2013-02-15,8.22,8.33,8.11,8.16,229200,8.16
2013-02-14,8.25,8.30,8.11,8.15,244000,8.15
2013-02-13,8.34,8.39,8.20,8.25,653400,8.25
2013-02-12,8.38,8.44,8.25,8.34,156300,8.34
2013-02-11,8.44,8.55,8.27,8.35,114600,8.35
2013-02-08,8.32,8.55,8.22,8.46,104600,8.46
2013-02-07,8.58,8.64,8.33,8.36,197600,8.36
2013-02-06,8.62,8.69,8.52,8.60,330600,8.60
2013-02-05,8.32,8.68,8.28,8.63,414900,8.63
2013-02-04,8.34,8.52,8.25,8.28,205700,8.28
2013-02-01,8.44,8.51,8.17,8.41,127000,8.41
2013-01-31,7.93,8.51,7.93,8.39,264900,8.39
2013-01-30,8.26,8.28,7.85,7.92,183200,7.92
2013-01-29,8.48,8.84,8.16,8.29,192700,8.29
2013-01-28,8.55,8.63,8.47,8.48,233700,8.48
2013-01-25,8.37,8.57,8.35,8.51,611500,8.51
2013-01-24,8.50,8.55,8.22,8.34,374300,8.34
2013-01-23,8.53,8.62,8.38,8.42,584800,8.42
2013-01-22,8.48,8.83,8.48,8.51,310300,8.51
2013-01-18,8.60,8.61,8.35,8.45,326000,8.45
2013-01-17,8.50,8.82,8.46,8.64,486200,8.64
2013-01-16,8.73,8.82,8.45,8.47,146000,8.47
2013-01-15,8.77,8.86,8.50,8.78,179500,8.78
2013-01-14,8.95,9.13,8.78,8.80,268500,8.80
2013-01-11,8.93,9.08,8.80,8.93,228900,8.93
2013-01-10,9.06,9.24,8.86,8.90,189900,8.90
2013-01-09,9.02,9.22,8.80,9.00,308600,9.00
2013-01-08,9.22,9.30,8.91,8.97,170500,8.97
2013-01-07,8.77,9.29,8.75,9.22,216900,9.22
2013-01-04,9.11,9.31,8.82,8.84,335400,8.84
2013-01-03,8.25,9.07,8.21,9.05,409200,9.05
2013-01-02,7.99,8.48,7.90,8.26,641000,8.26
2012-12-31,7.67,7.79,7.60,7.77,374500,7.77
2012-12-28,7.69,7.94,7.66,7.70,80500,7.70
2012-12-27,7.97,8.02,7.63,7.75,97700,7.75
2012-12-26,7.84,8.04,7.71,7.99,97600,7.99
2012-12-24,7.97,8.24,7.75,7.80,35300,7.80
2012-12-21,7.85,7.99,7.70,7.94,490400,7.94
2012-12-20,8.27,8.43,7.73,7.93,431000,7.93
2012-12-19,8.23,8.41,8.20,8.25,260400,8.25
2012-12-18,8.37,8.46,8.22,8.28,324100,8.28
2012-12-17,8.45,8.48,8.00,8.38,209600,8.38
2012-12-14,8.06,8.43,7.98,8.43,133900,8.43
2012-12-13,8.29,8.50,7.94,8.08,132600,8.08
2012-12-12,8.52,8.57,7.76,8.33,162600,8.33
2012-12-11,8.51,8.76,8.41,8.48,237800,8.48
2012-12-10,8.22,8.47,8.18,8.46,204000,8.46
2012-12-07,8.02,8.30,7.95,8.18,157300,8.18
2012-12-06,8.07,8.37,7.83,7.94,278800,7.94
2012-12-05,7.99,8.20,7.73,8.08,304300,8.08
2012-12-04,8.06,8.48,7.83,7.98,646900,7.98
2012-12-03,7.94,8.08,7.50,8.06,397700,8.06
2012-11-30,7.53,7.91,7.40,7.85,394000,7.85
2012-11-29,7.44,8.12,7.35,7.50,174100,7.50
2012-11-28,7.42,7.99,7.08,7.35,176900,7.35
2012-11-27,7.37,7.57,7.37,7.45,157500,7.45
2012-11-26,7.28,7.41,7.24,7.36,104000,7.36
2012-11-23,7.48,7.49,7.29,7.32,68300,7.32
2012-11-21,8.04,8.17,7.30,7.44,359000,7.44
2012-11-20,7.50,8.08,7.50,8.08,339100,8.08
2012-11-19,7.52,7.60,7.32,7.53,169100,7.53
2012-11-16,7.28,7.49,7.15,7.45,340200,7.45
2012-11-15,7.29,7.31,7.04,7.30,331500,7.30
2012-11-14,7.69,7.77,7.16,7.22,353300,7.22
2012-11-13,7.49,7.67,7.36,7.65,322000,7.65
2012-11-12,7.65,7.77,7.46,7.53,293300,7.53
2012-11-09,7.35,7.87,7.30,7.65,333100,7.65
2012-11-08,7.46,7.58,7.25,7.34,386900,7.34
2012-11-07,7.60,7.64,7.23,7.46,322000,7.46
2012-11-06,7.82,8.01,7.66,7.70,204500,7.70
2012-11-05,7.73,8.08,7.66,7.83,269100,7.83
2012-11-02,8.34,8.45,7.69,7.75,372100,7.75
2012-11-01,8.24,8.50,8.07,8.36,459600,8.36
2012-10-31,8.11,8.24,7.75,8.23,543600,8.23
2012-10-26,8.58,8.85,8.12,8.14,395600,8.14
2012-10-25,9.86,9.92,8.52,8.60,1164100,8.60
2012-10-24,9.82,9.89,9.72,9.76,398600,9.76
2012-10-23,9.66,10.14,9.48,9.79,487100,9.79
2012-10-22,9.85,9.93,9.61,9.76,369400,9.76
2012-10-19,9.82,9.99,9.74,9.84,464200,9.84
2012-10-18,10.23,10.26,9.79,9.89,471700,9.89
2012-10-17,10.27,10.62,10.14,10.27,250200,10.27
2012-10-16,10.31,10.48,10.09,10.22,293700,10.22
2012-10-15,10.70,10.70,10.09,10.29,393000,10.29
2012-10-12,11.15,11.49,10.57,10.65,697700,10.65
2012-10-11,11.62,12.10,11.62,11.91,379400,11.91
2012-10-10,11.13,11.55,11.09,11.55,477700,11.55
2012-10-09,11.81,11.83,11.09,11.10,417600,11.10
2012-10-08,12.51,12.83,11.73,11.76,527600,11.76
2012-10-05,11.30,12.98,11.20,12.86,1264900,12.86
2012-10-04,11.38,11.50,10.90,11.15,328600,11.15
2012-10-03,11.43,11.43,11.13,11.30,427800,11.30
2012-10-02,11.51,11.69,11.27,11.39,207000,11.39
2012-10-01,11.57,11.86,11.17,11.43,542700,11.43
2012-09-28,11.17,11.56,10.99,11.45,640700,11.45
2012-09-27,10.73,11.26,10.56,11.24,453800,11.24
2012-09-26,11.15,11.15,10.54,10.64,260900,10.64
2012-09-25,10.94,11.25,10.86,11.12,288400,11.12
2012-09-24,10.99,11.22,10.85,10.92,274100,10.92
2012-09-21,11.39,11.40,11.00,11.04,530000,11.04
2012-09-20,10.73,11.27,10.70,11.25,331200,11.25
2012-09-19,10.52,10.90,10.23,10.82,240600,10.82
2012-09-18,10.98,10.98,10.30,10.57,394700,10.57
2012-09-17,10.20,10.65,9.95,10.64,372800,10.64
2012-09-14,9.98,10.39,9.70,10.21,322600,10.21
2012-09-13,9.57,9.98,9.52,9.91,372500,9.91
2012-09-12,10.26,10.32,9.53,9.60,438000,9.60
2012-09-11,10.32,10.40,10.14,10.25,189300,10.25
2012-09-10,10.07,10.44,10.07,10.31,308500,10.31
2012-09-07,10.02,10.15,9.95,10.10,242500,10.10
2012-09-06,9.67,10.11,9.61,10.01,549000,10.01
2012-09-05,9.47,9.62,9.33,9.52,296200,9.52
2012-09-04,9.31,9.59,9.21,9.51,319600,9.51
2012-08-31,9.23,9.42,8.95,9.32,885300,9.32
2012-08-30,9.48,9.52,8.93,9.14,295600,9.14
2012-08-29,9.20,9.68,9.20,9.58,443500,9.58
2012-08-28,8.93,9.70,8.93,9.17,675200,9.17
2012-08-27,8.58,9.00,8.42,8.94,346500,8.94
2012-08-24,8.58,8.67,8.43,8.55,153600,8.55
2012-08-23,8.61,8.74,8.56,8.62,111500,8.62
2012-08-22,8.62,8.73,8.52,8.63,141800,8.63
2012-08-21,8.72,8.91,8.50,8.59,309000,8.59
2012-08-20,8.90,8.95,8.73,8.77,144800,8.77
2012-08-17,8.80,9.04,8.70,8.91,972700,8.91
2012-08-16,8.82,9.00,8.76,8.83,460100,8.83
2012-08-15,8.73,9.03,8.54,8.86,459800,8.86
2012-08-14,8.65,8.75,8.60,8.72,386800,8.72
2012-08-13,8.71,8.82,8.47,8.61,444000,8.61
2012-08-10,8.37,8.74,8.37,8.71,598200,8.71
2012-08-09,8.27,8.75,8.16,8.41,761300,8.41
2012-08-08,8.30,8.79,8.07,8.30,807500,8.30
2012-08-07,7.48,7.93,7.45,7.68,288200,7.68
2012-08-06,7.68,7.88,7.65,7.72,213800,7.72
2012-08-03,7.57,7.93,7.52,7.65,269500,7.65
2012-08-02,7.74,7.83,7.30,7.44,416500,7.44
2012-08-01,7.93,8.09,7.65,7.74,357400,7.74
2012-07-31,7.97,8.18,7.80,7.88,539400,7.88
2012-07-30,7.92,8.05,7.51,8.03,615400,8.03
2012-07-27,8.40,8.59,7.69,7.95,1233100,7.95
2012-07-26,7.17,8.50,7.08,8.40,3278200,8.40
2012-07-25,6.44,6.84,6.36,6.79,789500,6.79
2012-07-24,6.03,6.49,5.82,6.43,383600,6.43
2012-07-23,6.10,6.11,5.95,6.03,538100,6.03
2012-07-20,6.17,6.26,5.99,6.24,240200,6.24
2012-07-19,6.36,6.37,6.20,6.24,152900,6.24
2012-07-18,6.63,6.71,6.26,6.32,299000,6.32
2012-07-17,6.62,6.76,6.58,6.62,236300,6.62
2012-07-16,6.55,6.68,6.48,6.63,129800,6.63
2012-07-13,6.39,6.72,6.39,6.56,308700,6.56
2012-07-12,6.29,6.44,6.16,6.37,185000,6.37
2012-07-11,6.29,6.40,6.21,6.35,262200,6.35
2012-07-10,6.56,6.61,6.30,6.32,297500,6.32
2012-07-09,6.13,6.56,6.10,6.52,404700,6.52
2012-07-06,6.44,6.53,5.95,6.15,605300,6.15
2012-07-05,6.48,6.69,6.36,6.52,240100,6.52
2012-07-03,6.05,6.70,5.99,6.50,551700,6.50
2012-07-02,6.02,6.11,5.98,6.07,291500,6.07
2012-06-29,6.09,6.11,5.94,6.04,480800,6.04
2012-06-28,5.91,6.00,5.85,5.98,430800,5.98
2012-06-27,6.02,6.13,5.92,5.97,213200,5.97
2012-06-26,5.97,6.05,5.90,6.00,209300,6.00
2012-06-25,5.99,6.06,5.91,5.95,232700,5.95
2012-06-22,5.86,6.20,5.74,6.10,865600,6.10
2012-06-21,5.64,5.89,5.55,5.87,566300,5.87
2012-06-20,5.84,5.91,5.60,5.65,303500,5.65
2012-06-19,5.87,5.92,5.72,5.80,392000,5.80
2012-06-18,5.71,5.90,5.63,5.80,436600,5.80
2012-06-15,5.70,5.88,5.65,5.79,894700,5.79
2012-06-14,5.33,5.79,5.28,5.77,1164000,5.77
2012-06-13,5.23,5.39,5.05,5.17,559500,5.17
2012-06-12,5.13,5.36,5.00,5.24,498400,5.24
2012-06-11,5.41,5.41,5.07,5.09,929900,5.09
2012-06-08,5.52,5.58,5.28,5.33,1222100,5.33
2012-06-07,5.74,6.00,5.25,5.49,3033200,5.49
2012-06-06,6.16,6.35,6.01,6.07,1002200,6.07
2012-06-05,6.06,6.20,5.93,6.14,1153600,6.14
2012-06-04,5.61,6.01,5.40,6.01,965200,6.01
2012-06-01,5.83,5.83,5.29,5.38,948700,5.38
2012-05-31,5.90,5.95,5.77,5.88,522000,5.88
2012-05-30,5.89,5.98,5.81,5.89,280200,5.89
2012-05-29,5.90,6.11,5.84,5.93,487900,5.93
2012-05-25,5.83,5.97,5.77,5.88,238200,5.88
2012-05-24,5.90,5.95,5.70,5.88,234000,5.88
2012-05-23,5.69,5.90,5.60,5.87,184500,5.87
2012-05-22,5.87,5.95,5.67,5.76,332700,5.76
2012-05-21,5.84,5.94,5.70,5.85,484000,5.85
2012-05-18,5.91,5.95,5.53,5.83,584800,5.83
2012-05-17,6.24,6.30,5.79,5.92,681200,5.92
2012-05-16,5.69,6.25,5.60,6.18,869100,6.18
2012-05-15,6.15,6.15,5.45,5.69,911300,5.69
2012-05-14,5.15,6.00,5.15,5.93,1354100,5.93
2012-05-11,4.69,5.25,4.69,5.21,524800,5.21
2012-05-10,4.76,4.81,4.66,4.73,115000,4.73
2012-05-09,4.76,4.86,4.61,4.71,279900,4.71
2012-05-08,4.44,4.89,4.35,4.82,344500,4.82
2012-05-07,4.36,4.53,4.34,4.50,121700,4.50
2012-05-04,4.40,4.54,4.35,4.36,300900,4.36
2012-05-03,4.49,4.65,4.35,4.41,267500,4.41
2012-05-02,4.34,4.55,4.31,4.55,156000,4.55
2012-05-01,4.57,4.59,4.36,4.41,161000,4.41
2012-04-30,4.55,4.60,4.44,4.57,115400,4.57
2012-04-27,4.58,4.65,4.51,4.57,87000,4.57
2012-04-26,4.59,4.60,4.44,4.58,133800,4.58
2012-04-25,4.61,4.67,4.49,4.61,118700,4.61
2012-04-24,4.39,4.56,4.32,4.55,121600,4.55
2012-04-23,4.32,4.43,4.20,4.40,116300,4.40
2012-04-20,4.56,4.56,4.37,4.38,131400,4.38
2012-04-19,4.24,4.45,4.20,4.42,282600,4.42
2012-04-18,4.47,4.49,4.23,4.24,137800,4.24
2012-04-17,4.32,4.62,4.30,4.51,426000,4.51
2012-04-16,4.12,4.35,4.05,4.31,162700,4.31
2012-04-13,4.17,4.17,3.96,4.11,412700,4.11
2012-04-12,4.24,4.31,4.12,4.21,89800,4.21
2012-04-11,4.30,4.43,4.20,4.24,190500,4.24
2012-04-10,4.48,4.53,4.20,4.25,516700,4.25
2012-04-09,4.44,4.57,4.38,4.48,217100,4.48
2012-04-05,4.65,4.65,4.50,4.53,291400,4.53
2012-04-04,4.50,4.90,4.50,4.65,558800,4.65
2012-04-03,4.44,4.56,4.44,4.51,193700,4.51
2012-04-02,4.47,4.51,4.42,4.45,123700,4.45
2012-03-30,4.56,4.60,4.46,4.50,157600,4.50
2012-03-29,4.52,4.58,4.36,4.49,204500,4.49
2012-03-28,4.68,4.74,4.50,4.53,132800,4.53
2012-03-27,4.56,4.75,4.50,4.68,179400,4.68
2012-03-26,4.57,4.58,4.45,4.54,144900,4.54
2012-03-23,4.40,4.61,4.40,4.50,363100,4.50
2012-03-22,4.10,4.42,4.05,4.38,242500,4.38
2012-03-21,4.24,4.24,4.05,4.11,77200,4.11
2012-03-20,4.28,4.28,4.16,4.20,66800,4.20
2012-03-19,4.14,4.44,4.14,4.31,266800,4.31
2012-03-16,4.08,4.15,4.00,4.14,310300,4.14
2012-03-15,4.00,4.12,3.97,4.06,174600,4.06
2012-03-14,4.01,4.03,3.88,3.99,148900,3.99
2012-03-13,3.98,4.06,3.94,4.04,69800,4.04
2012-03-12,3.99,4.02,3.92,3.93,140500,3.93
2012-03-09,3.97,4.07,3.91,3.97,138100,3.97
2012-03-08,3.98,4.04,3.96,3.98,85000,3.98
2012-03-07,3.99,4.03,3.90,3.98,96100,3.98
2012-03-06,4.07,4.11,3.95,3.98,141000,3.98
2012-03-05,4.10,4.21,4.09,4.13,87000,4.13
2012-03-02,4.12,4.26,4.09,4.09,142700,4.09
2012-03-01,4.01,4.21,4.00,4.11,153800,4.11
2012-02-29,4.15,4.27,3.97,4.00,145200,4.00
2012-02-28,4.13,4.23,4.07,4.14,68600,4.14
2012-02-27,4.26,4.26,4.12,4.14,91000,4.14
2012-02-24,4.39,4.44,4.27,4.30,77600,4.30
2012-02-23,4.23,4.42,4.18,4.40,127200,4.40
2012-02-22,4.30,4.34,4.21,4.22,101100,4.22
2012-02-21,4.41,4.44,4.25,4.32,141200,4.32
2012-02-17,4.50,4.52,4.36,4.39,91200,4.39
2012-02-16,4.12,4.50,4.12,4.48,157600,4.48
2012-02-15,4.31,4.35,4.10,4.13,219400,4.13
2012-02-14,4.42,4.46,4.22,4.28,138800,4.28
2012-02-13,4.35,4.49,4.32,4.46,73600,4.46
2012-02-10,4.51,4.57,4.29,4.30,123500,4.30
2012-02-09,4.52,4.61,4.48,4.56,90400,4.56
2012-02-08,4.50,4.64,4.44,4.50,157800,4.50
2012-02-07,4.69,4.69,4.46,4.48,115600,4.48
2012-02-06,4.70,4.88,4.62,4.70,243000,4.70
2012-02-03,4.53,4.76,4.47,4.71,262000,4.71
2012-02-02,4.45,4.59,4.41,4.43,125000,4.43
2012-02-01,4.24,4.50,4.24,4.43,217800,4.43
2012-01-31,4.18,4.40,4.11,4.17,407900,4.17
2012-01-30,4.15,4.23,4.01,4.16,136000,4.16
2012-01-27,4.06,4.20,4.06,4.20,140200,4.20
2012-01-26,4.18,4.19,4.04,4.09,132700,4.09
2012-01-25,4.33,4.34,4.11,4.18,198600,4.18
2012-01-24,4.27,4.37,4.21,4.35,140800,4.35
2012-01-23,4.30,4.30,4.21,4.28,86400,4.28
2012-01-20,4.43,4.49,4.31,4.31,176300,4.31
2012-01-19,4.44,4.53,4.35,4.45,93300,4.45
2012-01-18,4.25,4.45,4.25,4.44,207600,4.44
2012-01-17,4.37,4.50,4.05,4.12,348600,4.12
2012-01-13,4.26,4.41,4.23,4.34,116200,4.34
2012-01-12,4.42,4.42,4.21,4.32,167700,4.32
2012-01-11,4.00,4.41,3.86,4.40,237000,4.40
2012-01-10,4.17,4.20,4.00,4.00,194500,4.00
2012-01-09,4.05,4.22,3.96,4.12,209900,4.12
2012-01-06,4.21,4.21,3.83,4.04,278800,4.04
2012-01-05,3.85,4.27,3.77,4.23,389600,4.23
2012-01-04,3.94,3.96,3.83,3.88,151700,3.88
2012-01-03,3.87,4.05,3.75,3.96,347000,3.96